Layout:
 2: [ 2  4  2  9  9  9  3  9  5  9  6  9  4  2  4  5  2  5  4  6  4 10 13 10]
 5: [ 3  6  3  6  9  4 10 12 10  3  2  5  3  4  2  3  6  2  5  2  3  5  2  6]
 8: [ 4  2  5  4  6  9  6  9  9  9  4  9  5  3  4  5  2  3  4 11 13 11  6  4]
11: [ 5  3  6  3  2  4  5  9  9  9  6  3  6  5  6 10 12 10  5  4  5  6  4  6]
14: [ 6  4  3  4  3  6  4  5  3  9  3  9  2  3  5  2  5  2 10 12 10  4  3  5]
17: [ 3 10 13 10  4  5  3  2  4  6  2  5  9  5  2  6  3  5  3  6  4  6  2  6]
20: [ 4  3  4  2  5  9  2  9  9  9  3  9  9  9  3  9  9  9  2  5 11 13 11  5]
23: [ 5  6  5  3  6  2  6  3  9  9  9  3  9  5  9  9  9  5  9 11 12 11  4  6]
26: [ 2  4  6  4 11 13 11  6  2  4  6  5  6  2  3  9  6  9  9  9  5  6  2  3]
29: [ 5  2  3  5  6  2 10 13 10  2  5  6  5  4  5  3  2  6  9  9  9  4  5  2]

Inventory:
 2: 32
 3: 32
 4: 31
 5: 37
 6: 35
 9: 43
10: 12
11:  8
12:  4
13:  6
